     0.00000000
     0.00005680
     0.00026433
     0.00062201
     0.00104441
     0.00137064
     0.00140016
     0.00094872
    -0.00008891
    -0.00168594
    -0.00365721
    -0.00567072
    -0.00730009
    -0.00811041
    -0.00776003
    -0.00609561
    -0.00321619
     0.00051311
     0.00450529
     0.00805007
     0.01044878
     0.01115822
     0.00991193
     0.00679212
     0.00223152
    -0.00305597
    -0.00820534
    -0.01236592
    -0.01486567
    -0.01534286
    -0.01381353
    -0.01066231
    -0.00655538
    -0.00229612
     0.00134847
     0.00381171
     0.00484901
     0.00458845
     0.00350162
     0.00229772
     0.00176369
     0.00258257
     0.00516696
     0.00954360
     0.01531131
     0.02168731
     0.02763068
     0.03202480
     0.03388125
     0.03253285
     0.02777048
     0.01990396
     0.00973703
    -0.00160679
    -0.01286215
    -0.02279589
    -0.03040618
    -0.03508530
    -0.03671592
    -0.03568152
    -0.03278707
    -0.02909873
    -0.02572754
    -0.02359739
    -0.02323529
    -0.02463047
    -0.02718691
    -0.02979423
    -0.03100146
    -0.02928001
    -0.02332536
    -0.01234824
     0.00370121
     0.02401898
     0.04697438
     0.07028048
     0.09128563
     0.10734282
     0.11619460
     0.11630955
     0.10711382
     0.08907540
     0.06363302
     0.03298166
    -0.00024252
    -0.03331995
    -0.06378302
    -0.08967583
    -0.10969724
    -0.12321678
    -0.13017885
    -0.13093196
    -0.12603278
    -0.11607783
    -0.10160208
    -0.08306170
    -0.06089951
    -0.03565861
    -0.00810703
     0.02067919
     0.04930538
     0.07614554
     0.09951041
     0.11786949
     0.13007446
     0.13552831
     0.13425940
     0.12687160
     0.11438799
     0.09801821
     0.07891607
     0.05799016
     0.03582662
     0.01275016
    -0.01099044
    -0.03496092
    -0.05828974
    -0.07952327
    -0.09666371
    -0.10743626
    -0.10976792
    -0.10239708
    -0.08548068
    -0.06103029
    -0.03302321
    -0.00707280
     0.01036309
     0.01316244
    -0.00308212
    -0.03974568
    -0.09422030
    -0.15959689
    -0.22516406
    -0.27775544
    -0.30380341
    -0.29179648
    -0.23469990
    -0.13185972
     0.01005337
     0.17735547
     0.35099950
     0.50937903
     0.63185400
     0.70237058
     0.71247417
     0.66305590
     0.56437671
     0.43421245
     0.29433826
     0.16592833
     0.06473398
    -0.00296561
    -0.04269452
    -0.07169367
    -0.11614044
    -0.20589560
    -0.36754525
    -0.61691785
    -0.95251507
    -1.35129213
    -1.76794982
    -2.13838196
    -2.38723564
    -2.43878555
    -2.22965980
    -1.72145772
    -0.91114312
     0.16275701
     1.41957808
     2.74222159
     3.98882151
     5.00910711
     5.66338158
     5.84150553
     5.47917271
     4.56902170
     3.16481447
     1.37789595
    -0.63379931
    -2.68282270
    -4.57314730
    -6.12221813
    -7.18123198
    -7.65107727
    -7.49202919
    -6.72619820
    -5.43278694
    -3.73712802
    -1.79528916
     0.22355199
     2.15463042
     3.85292435
     5.20472097
     6.13452911
     6.60717869
     6.62560654
     6.22532320
     5.46681118
     4.42714596
     3.19192791
     1.84833813
     0.47970450
    -0.83834279
    -2.04034972
    -3.07250047
    -3.89343357
    -4.47469091
    -4.80094147
    -4.86994076
    -4.69211102
    -4.28954935
    -3.69436073
    -2.94629383
    -2.08984137
    -1.17109156
    -0.23473588
     0.67837095
     1.53277063
     2.29892755
     2.95278192
     3.47461104
     3.84764957
     4.05699921
     4.08930779
     3.93354940
     3.58296347
     3.03792048
     2.30919933
     1.42095172
     0.41255873
    -0.66133320
    -1.73305738
    -2.72656536
    -3.56413460
    -4.17442131
    -4.50080919
    -4.50884724
    -4.19160986
    -3.57203794
    -2.70172453
    -1.65613389
    -0.52676052
     0.58878207
     1.59743083
     2.42066002
     3.00244451
     3.31415915
     3.35584879
     3.15383291
     2.75516343
     2.21988869
     1.61236620
     0.99293816
     0.41115189
    -0.09860500
    -0.51862091
    -0.84657991
    -1.09198403
    -1.27110970
    -1.40152740
    -1.49719262
    -1.56497073
    -1.60312974
    -1.60197735
    -1.54641306
    -1.41984868
    -1.20872259
    -0.90675426
    -0.51816148
    -0.05924088
     0.44198626
     0.94805354
     1.41592956
     1.80194092
     2.06702781
     2.18159842
     2.12932158
     1.90937388
     1.53687930
     1.04152751
     0.46459410
    -0.14523879
    -0.73673421
    -1.26107073
    -1.67638862
    -1.95146692
    -2.06821465
    -2.02279425
    -1.82535791
    -1.49849963
    -1.07464361
    -0.59266466
    -0.09409423
     0.38072789
     0.79619431
     1.12434793
     1.34691978
     1.45631945
     1.45550907
     1.35681045
     1.17980611
     0.94859278
     0.68872887
     0.42425525
     0.17515281
    -0.04444626
    -0.22708431
    -0.37176979
    -0.48280710
    -0.56788802
    -0.63577449
    -0.69397116
    -0.74678338
    -0.79409730
    -0.83109564
    -0.84896970
    -0.83651727
    -0.78236264
    -0.67742205
    -0.51719260
    -0.30345643
    -0.04508634
     0.24221824
     0.53726846
     0.81562144
     1.05239701
     1.22526395
     1.31716537
     1.31838417
     1.22767568
     1.05232096
     0.80713701
     0.51262558
     0.19255373
    -0.12866405
    -0.42842364
    -0.68791449
    -0.89342213
    -1.03686213
    -1.11558223
    -1.13158190
    -1.09035897
    -0.99962962
    -0.86813736
    -0.70472747
    -0.51777440
    -0.31497461
    -0.10344381
     0.10999431
     0.31846148
     0.51475024
     0.69122100
     0.83992183
     0.95294350
     1.02296305
     1.04391313
     1.01168191
     0.92475665
     0.78473300
     0.59661496
     0.36887512
     0.11323599
    -0.15582639
    -0.42185241
    -0.66741776
    -0.87534958
    -1.03007555
    -1.11900163
    -1.13379967
    -1.07146311
    -0.93498272
    -0.73351711
    -0.48196670
    -0.19992021
     0.08997329
     0.36407641
     0.60007048
     0.77923381
     0.88840401
     0.92136252
     0.87943864
     0.77122891
     0.61144543
     0.41904265
     0.21486016
     0.01911384
    -0.15092553
    -0.28274596
    -0.36966255
    -0.41102314
    -0.41156119
    -0.38004839
    -0.32749265
    -0.26519710
    -0.20299682
    -0.14794824
    -0.10364996
    -0.07026017
    -0.04514680
    -0.02400445
    -0.00218800
     0.02399787
     0.05630423
     0.09401584
     0.13398173
     0.17117262
     0.19964170
     0.21369320
     0.20902963
     0.18366571
     0.13844192
     0.07705124
     0.00558485
    -0.06831104
    -0.13651671
    -0.19156455
    -0.22762677
    -0.24121459
    -0.23149641
    -0.20022151
    -0.15129337
    -0.09010245
    -0.02274501
     0.04472991
     0.10694216
     0.15959451
     0.19966161
     0.22537787
     0.23608398
     0.23200735
     0.21404660
     0.18361095
     0.14253685
     0.09306794
     0.03786343
    -0.02001447
    -0.07717979
    -0.13009657
    -0.17534806
    -0.20997058
    -0.23179740
    -0.23974378
    -0.23396581
    -0.21584709
    -0.18779430
    -0.15286684
    -0.11429603
    -0.07498169
    -0.03705928
    -0.00162809
     0.03130263
     0.06263122
     0.09376858
     0.12610754
     0.16045594
     0.19655234
     0.23276608
     0.26606268
     0.29225984
     0.30655479
     0.30424476
     0.28153202
     0.23627698
     0.16857299
     0.08103979
    -0.02122501
    -0.13104165
    -0.23984000
    -0.33855653
    -0.41860843
    -0.47281659
    -0.49615458
    -0.48623636
    -0.44349390
    -0.37104607
    -0.27429897
    -0.16035190
    -0.03729654
     0.08649842
     0.20304099
     0.30525357
     0.38736582
     0.44516042
     0.47608915
     0.47927845
     0.45546144
     0.40684751
     0.33694854
     0.25036019
     0.15249783
     0.04928423
    -0.05320666
    -0.14913437
    -0.23327890
    -0.30139336
    -0.35047865
    -0.37894922
    -0.38665736
    -0.37477717
    -0.34555876
    -0.30199176
    -0.24743001
    -0.18523751
    -0.11850760
    -0.04989802
     0.01840522
     0.08460017
     0.14709800
     0.20431732
     0.25450626
     0.29564717
     0.32548434
     0.34168416
     0.34211868
     0.32521957
     0.29034990
     0.23811173
     0.17053270
     0.09107545
     0.00445439
    -0.08373037
    -0.16749835
    -0.24106517
    -0.29941142
    -0.33876395
    -0.35692537
    -0.35341382
    -0.32939863
    -0.28746384
    -0.23123439
    -0.16494271
    -0.09299317
    -0.01959160
     0.05152274
     0.11721706
     0.17499423
     0.22292733
     0.25954914
     0.28374159
     0.29466230
     0.29173601
     0.27472374
     0.24384493
     0.19993515
     0.14458954
     0.08025146
     0.01021123
    -0.06151080
    -0.13040423
    -0.19180477
    -0.24130607
    -0.27518815
    -0.29081273
    -0.28693181
    -0.26386493
    -0.22351909
    -0.16924071
    -0.10551631
    -0.03755093
     0.02923226
     0.08970654
     0.13952267
     0.17549711
     0.19587135
     0.20040911
     0.19033444
     0.16810983
     0.13709876
     0.10114057
     0.06410080
     0.02944580
    -0.00010991
    -0.02284142
    -0.03811264
    -0.04633445
    -0.04879034
    -0.04735792
    -0.04417431
    -0.04128277
    -0.04031977
    -0.04227534
    -0.04736173
    -0.05500111
    -0.06393106
    -0.07240647
    -0.07847047
    -0.08025050
    -0.07624102
    -0.06554157
    -0.04800677
    -0.02431166
     0.00408882
     0.03508860
     0.06613629
     0.09448591
     0.11747575
     0.13279665
     0.13873219
     0.13434428
     0.11958891
     0.09535325
     0.06340510
     0.02625755
    -0.01303897
    -0.05116999
    -0.08486553
    -0.11121876
    -0.12798584
    -0.13382474
    -0.12845209
    -0.11268705
    -0.08837396
    -0.05818540
    -0.02532471
     0.00684011
     0.03516671
     0.05710006
     0.07096177
     0.07612491
     0.07305104
     0.06318415
     0.04871863
     0.03227209
     0.01651319
     0.00379390
    -0.00416312
    -0.00647807
    -0.00321126
     0.00467479
     0.01546544
     0.02694055
     0.03667675
     0.04236870
     0.04213059
     0.03474648
     0.01984820
    -0.00199592
    -0.02928627
    -0.05968687
    -0.09020838
    -0.11746657
    -0.13800046
    -0.14863145
    -0.14683488
    -0.13109326
    -0.10118716
    -0.05838147
    -0.00547147
     0.05334860
     0.11280254
     0.16702265
     0.21017706
     0.23716500
     0.24429151
     0.22982797
     0.19436082
     0.14086312
     0.07444787
     0.00181812
    -0.06953136
    -0.13225572
    -0.18011501
    -0.20879821
    -0.21648912
    -0.20407891
    -0.17498338
    -0.13458729
    -0.08939391
    -0.04601707
    -0.01016441
     0.01421241
     0.02548154
     0.02450120
     0.01438817
    -0.00008668
    -0.01336060
    -0.02006561
    -0.01596779
     0.00128761
     0.03174311
     0.07306960
     0.12087736
     0.16934016
     0.21201748
     0.24274866
     0.25647116
     0.24985960
     0.22169788
     0.17296466
     0.10664682
     0.02734129
    -0.05926949
    -0.14698382
    -0.22960800
    -0.30139422
    -0.35736603
    -0.39353567
    -0.40704376
    -0.39624798
    -0.36079967
    -0.30171537
    -0.22143695
    -0.12385873
    -0.01427161
     0.10081016
     0.21397413
     0.31739235
     0.40343735
     0.46537584
     0.49805498
     0.49848992
     0.46625713
     0.40362418
     0.31537873
     0.20836936
     0.09080500
    -0.02858764
    -0.14144129
    -0.24053693
    -0.32040286
    -0.37765136
    -0.41102704
    -0.42118829
    -0.41027862
    -0.38138407
    -0.33797291
    -0.28342023
    -0.22068271
    -0.15216637
    -0.07978106
    -0.00514261
     0.07014303
     0.14419520
     0.21464768
     0.27857509
     0.33258200
     0.37305743
     0.39655519
     0.40024579
     0.38236111
     0.34256083
     0.28215820
     0.20416197
     0.11312284
     0.01479790
    -0.08432788
    -0.17760566
    -0.25880706
    -0.32266501
    -0.36531109
    -0.38457316
    -0.38010329
    -0.35333779
    -0.30729520
    -0.24624464
    -0.17527738
    -0.09982879
    -0.02519456
     0.04391365
     0.10373038
     0.15168805
     0.18653239
     0.20829341
     0.21811959
     0.21799554
     0.21037495
     0.19778182
     0.18242486
     0.16588373
     0.14890739
     0.13135983
     0.11232106
     0.09033358
     0.06376337
     0.03121727
    -0.00804097
    -0.05374782
    -0.10442796
    -0.15735614
    -0.20871460
    -0.25393477
    -0.28818795
    -0.30696714
    -0.30668047
    -0.28518438
    -0.24217242
    -0.17937163
    -0.10050819
    -0.01104143
     0.08230776
     0.17218369
     0.25130495
     0.31317568
     0.35272044
     0.36677033
     0.35435325
     0.31675783
     0.25737232
     0.18132350
     0.09495680
     0.00522186
    -0.08097120
    -0.15735853
    -0.21883328
    -0.26181501
    -0.28445068
    -0.28663892
    -0.26988974
    -0.23704541
    -0.19190277
    -0.13878466
    -0.08210775
    -0.02599193
     0.02605272
     0.07133739
     0.10809322
     0.13546042
     0.15338439
     0.16244292
     0.16363426
     0.15816019
     0.14723170
     0.13192199
     0.11308097
     0.09131737
     0.06704094
     0.04055630
     0.01218379
    -0.01761382
    -0.04811981
    -0.07829443
    -0.10675626
    -0.13183039
    -0.15165852
    -0.16436657
    -0.16826916
    -0.16209535
    -0.14520101
    -0.11774410
    -0.08079319
    -0.03634939
     0.01273390
     0.06293473
     0.11034042
     0.15099865
     0.18130296
     0.19837734
     0.20040776
     0.18688403
     0.15870881
     0.11816037
     0.06869865
     0.01463464
    -0.03930426
    -0.08846292
    -0.12874234
    -0.15701909
    -0.17144835
    -0.17160994
    -0.15848634
    -0.13427244
    -0.10204993
    -0.06537467
    -0.02783233
     0.00737198
     0.03773958
     0.06167644
     0.07854682
     0.08858731
     0.09270272
     0.09219098
     0.08844335
     0.08267522
     0.07572675
     0.06796633
     0.05930085
     0.04928946
     0.03732741
     0.02286541
     0.00562334
    -0.01424569
    -0.03606534
    -0.05864045
    -0.08035183
    -0.09932765
    -0.11366424
    -0.12166619
    -0.12206340
    -0.11418545
    -0.09806383
    -0.07445914
    -0.04480594
    -0.01109087
     0.02431852
     0.05887844
     0.09007931
     0.11565173
     0.13373899
     0.14304161
     0.14290965
     0.13338828
     0.11521375
     0.08975387
     0.05890322
     0.02493197
    -0.00969519
    -0.04252421
    -0.07131863
    -0.09424990
    -0.11005026
    -0.11810797
    -0.11849511
    -0.11191630
    -0.09958744
    -0.08305749
    -0.06399980
    -0.04399520
    -0.02435029
    -0.00596856
     0.01069774
     0.02561542
     0.03905690
     0.05143189
     0.06309485
     0.07416272
     0.08438099
     0.09307069
     0.09916794
     0.10135788
     0.09829021
     0.08883512
     0.07234693
     0.04888165
     0.01933064
    -0.01455824
    -0.05029321
    -0.08486515
    -0.11507392
    -0.13790429
    -0.15090233
    -0.15249550
    -0.14221430
    -0.12077522
    -0.09001827
    -0.05270216
    -0.01218392
     0.02796447
     0.06436199
     0.09417951
     0.11541945
     0.12707204
     0.12913859
     0.12252510
     0.10883069
     0.09006780
     0.06835990
     0.04566586
     0.02356602
     0.00313928
    -0.01505847
    -0.03092331
    -0.04465881
    -0.05659306
    -0.06699556
    -0.07592549
    -0.08314723
    -0.08812404
    -0.09009114
    -0.08819747
    -0.08169091
    -0.07010715
    -0.05343668
    -0.03222769
    -0.00761175
     0.01874602
     0.04471882
     0.06802070
     0.08653208
     0.09857912
     0.10315812
     0.10006610
     0.08991604
     0.07403976
     0.05429040
     0.03278219
     0.01160977
    -0.00740876
    -0.02292731
    -0.03418042
    -0.04099562
    -0.04371748
    -0.04306728
    -0.03996770
    -0.03536865
    -0.03010284
    -0.02479147
    -0.01981117
    -0.01531354
    -0.01128737
    -0.00763880
    -0.00426987
    -0.00113611
     0.00172696
     0.00421116
     0.00616946
     0.00746360
     0.00801186
     0.00782143
     0.00699859
     0.00573316
     0.00426287
     0.00282638
     0.00161824
     0.00075569
     0.00026586
     0.00009474
     0.00013443
     0.00025998
     0.00036557
     0.00039004
     0.00032539
     0.00020701
     0.00008971
     0.00001786

